6480.0 0.0015
6481.0 0.0019
6482.0 0.0017
6483.0 0.0021
6484.0 0.0018
6485.0 0.0018
6486.0 0.002
6487.0 0.0021
6488.0 0.002
6489.0 0.0023
6490.0 0.0018
6491.0 0.002
6492.0 0.0021
6493.0 0.0023
6494.0 0.0027
6495.0 0.0027
6496.0 0.0031
6497.0 0.004
6498.0 0.0039
6499.0 0.0054
6500.0 0.006
6501.0 0.0062
6502.0 0.0076
6503.0 0.0082
6504.0 0.0091
6505.0 0.01
6506.0 0.0105
6507.0 0.012
6508.0 0.0124
6509.0 0.014
6510.0 0.0148
6511.0 0.0163
6512.0 0.0174
6513.0 0.0186
6514.0 0.0196
6515.0 0.02
6516.0 0.0223
6517.0 0.0236
6518.0 0.0258
6519.0 0.0285
6520.0 0.0316
6521.0 0.0375
6522.0 0.0464
6523.0 0.0538
6524.0 0.0644
6525.0 0.0754
6526.0 0.0904
6527.0 0.1038
6528.0 0.1223
6529.0 0.1384
6530.0 0.1626
6531.0 0.1839
6532.0 0.2036
6533.0 0.2332
6534.0 0.2594
6535.0 0.2806
6536.0 0.2993
6537.0 0.3342
6538.0 0.3617
6539.0 0.3892
6540.0 0.4222
6541.0 0.4731
6542.0 0.5274
6543.0 0.574
6544.0 0.6339
6545.0 0.6717
6546.0 0.7079
6547.0 0.7294
6548.0 0.769
6549.0 0.7902
6550.0 0.7952
6551.0 0.7911
6552.0 0.7929
6553.0 0.802
6554.0 0.8004
6555.0 0.8131
6556.0 0.8189
6557.0 0.809
6558.0 0.8158
6559.0 0.8086
6560.0 0.8152
6561.0 0.8154
6562.0 0.8282
6563.0 0.8118
6564.0 0.8144
6565.0 0.8148
6566.0 0.8137
6567.0 0.8078
6568.0 0.8021
6569.0 0.8068
6570.0 0.8079
6571.0 0.81
6572.0 0.8121
6573.0 0.8204
6574.0 0.8117
6575.0 0.8166
6576.0 0.8118
6577.0 0.8131
6578.0 0.8098
6579.0 0.8042
6580.0 0.7989
6581.0 0.8098
6582.0 0.8008
6583.0 0.8024
6584.0 0.786
6585.0 0.8003
6586.0 0.7982
6587.0 0.7989
6588.0 0.8019
6589.0 0.798
6590.0 0.7969
6591.0 0.783
6592.0 0.765
6593.0 0.7769
6594.0 0.7638
6595.0 0.74
6596.0 0.7099
6597.0 0.6919
6598.0 0.6719
6599.0 0.6635
6600.0 0.6497
6601.0 0.6186
6602.0 0.6109
6603.0 0.5622
6604.0 0.5256
6605.0 0.4838
6606.0 0.4362
6607.0 0.3774
6608.0 0.3253
6609.0 0.2773
6610.0 0.2357
6611.0 0.2027
6612.0 0.1716
6613.0 0.1473
6614.0 0.1284
6615.0 0.117
6616.0 0.1049
6617.0 0.0973
6618.0 0.0912
6619.0 0.086
6620.0 0.0783
6621.0 0.0714
6622.0 0.0676
6623.0 0.0604
6624.0 0.0542
6625.0 0.0494
6626.0 0.0432
6627.0 0.039
6628.0 0.0328
6629.0 0.0308
6630.0 0.0251
6631.0 0.0219
6632.0 0.0182
6633.0 0.016
6634.0 0.0125
6635.0 0.0116
6636.0 0.0097
6637.0 0.0091
6638.0 0.0077
6639.0 0.0081
6640.0 0.0072
6641.0 0.0074
6642.0 0.007
6643.0 0.0071
6644.0 0.0063
6645.0 0.0058
6646.0 0.0061
6647.0 0.0058
6648.0 0.0049
6649.0 0.005
6650.0 0.0049
6651.0 0.0042
6652.0 0.0038
6653.0 0.003
6654.0 0.0031
6655.0 0.0028
6656.0 0.0023
6657.0 0.0026
6658.0 0.0023
6659.0 0.0016
6660.0 0.0014
6661.0 0.0012
6662.0 0.0011
6663.0 0.0009
6664.0 0.0014
6665.0 0.0013
6666.0 0.0012
6667.0 0.001
6668.0 0.0014
6669.0 0.0012
6670.0 0.001
