6520.0 0.145
6521.0 0.15
6522.0 0.15
6523.0 0.14
6524.0 0.205
6525.0 0.195
6526.0 0.21
6527.0 0.185
6528.0 0.225
6529.0 0.27
6530.0 0.3
6531.0 0.27
6532.0 0.275
6533.0 0.365
6534.0 0.36
6535.0 0.395
6536.0 0.42
6537.0 0.405
6538.0 0.44
6539.0 0.535
6540.0 0.595
6541.0 0.64
6542.0 0.7
6543.0 0.78
6544.0 0.87
6545.0 0.845
6546.0 0.94
6547.0 1.01
6548.0 1.11
6549.0 1.24
6550.0 1.29
6551.0 1.525
6552.0 1.635
6553.0 1.77
6554.0 1.9
6555.0 2.27
6556.0 2.43
6557.0 2.61
6558.0 2.9
6559.0 3.23
6560.0 3.695
6561.0 4.06
6562.0 4.695
6563.0 4.995
6564.0 5.66
6565.0 6.43
6566.0 7.15
6567.0 7.855
6568.0 9.035
6569.0 10.065
6570.0 11.155
6571.0 12.64
6572.0 14.555
6573.0 16.225
6574.0 18.345
6575.0 20.435
6576.0 23.03
6577.0 26.22
6578.0 28.94
6579.0 31.96
6580.0 34.77
6581.0 38.865
6582.0 42.875
6583.0 46.745
6584.0 49.165
6585.0 53.865
6586.0 56.715
6587.0 59.585
6588.0 63.57
6589.0 65.385
6590.0 67.15
6591.0 70.115
6592.0 69.86
6593.0 73.06
6594.0 74.485
6595.0 74.565
6596.0 75.16
6597.0 75.585
6598.0 76.015
6599.0 76.33
6600.0 77.245
6601.0 75.675
6602.0 78.76
6603.0 77.075
6604.0 77.235
6605.0 78.125
6606.0 78.195
6607.0 77.31
6608.0 78.595
6609.0 78.3
6610.0 77.635
6611.0 78.685
6612.0 77.915
6613.0 77.645
6614.0 79.17
6615.0 77.32
6616.0 76.61
6617.0 77.635
6618.0 76.81
6619.0 78.165
6620.0 77.63
6621.0 77.675
6622.0 76.35
6623.0 75.44
6624.0 75.135
6625.0 75.195
6626.0 74.99
6627.0 74.8
6628.0 75.26
6629.0 75.885
6630.0 75.25
6631.0 74.425
6632.0 76.0
6633.0 75.595
6634.0 75.455
6635.0 75.56
6636.0 75.735
6637.0 77.035
6638.0 76.315
6639.0 77.08
6640.0 76.285
6641.0 77.47
6642.0 75.875
6643.0 76.135
6644.0 74.71
6645.0 74.585
6646.0 72.81
6647.0 69.615
6648.0 67.18
6649.0 64.405
6650.0 60.415
6651.0 56.945
6652.0 52.505
6653.0 48.245
6654.0 44.46
6655.0 39.175
6656.0 35.93
6657.0 31.805
6658.0 28.005
6659.0 24.89
6660.0 21.81
6661.0 19.445
6662.0 17.295
6663.0 15.21
6664.0 13.445
6665.0 11.815
6666.0 10.485
6667.0 9.175
6668.0 8.265
6669.0 7.29
6670.0 6.625
6671.0 5.825
6672.0 5.315
6673.0 4.67
6674.0 4.15
6675.0 3.91
6676.0 3.32
6677.0 3.015
6678.0 2.775
6679.0 2.495
6680.0 2.17
6681.0 1.98
6682.0 1.83
6683.0 1.73
6684.0 1.52
6685.0 1.34
6686.0 1.23
6687.0 1.2
6688.0 1.095
6689.0 0.9
6690.0 0.93
6691.0 0.785
6692.0 0.745
6693.0 0.645
6694.0 0.655
6695.0 0.58
6696.0 0.535
6697.0 0.55
6698.0 0.485
6699.0 0.405
6700.0 0.495
6701.0 0.39
6702.0 0.355
6703.0 0.32
6704.0 0.3
6705.0 0.27
6706.0 0.265
6707.0 0.225
6708.0 0.22
6709.0 0.23
6710.0 0.23
6711.0 0.205
6712.0 0.205
6713.0 0.14
6714.0 0.135
6715.0 0.14
6716.0 0.135
6717.0 0.14
6718.0 0.13
6719.0 0.12
6720.0 0.13
